0021D0
0072Z0
0084E0
008500
0085N0
008600
0086C0
008730
0088N0
0089C0
009150
009160
009180
009190
0091C0
0091M0
009200
0093B0
0093D0
009420
009440
009450
009460
009470
0094K0
0094X0
009540
0096B0
009730
009770
009780
0097F0
0097L0
009810
010060
010100
010170
0105D0
010690
0107F0
010960
011000
011040
011090
011210
0115D0
0115E0
011690
011790
0117L0
0117V0
0118S0
0119H0
012030
0122W0
012320
012330
012860
0128D0
013030
0130H0
0131D0
0131W0
0132D0
0132G0
0132H0
0132K0
013310
013360
0133E0
013520
013570
013580
013700
013720
0137V0
0138T0
013990
014130
014190
014440
014620
014790
014820
014825
014830
0148J0
014910
014915
014940
014950
014970
014990
015020
0150K0
0151P0
0151S0
015230
015260
0152E0
015360
0153K0
0153P0
0153X0
0154F0
0154H0
015590
0155M0
0155N0
015710
015750
015860
016250
0162L0
0162Z0
016360
0163Y0
0166T0
016740
0167B0
016880
0168K0
016920
017040
017180
017370
017480
0176E0
0180V0
018290
0183J0
0183V0
018470
0184E0
018670
0189Z0
019210
0192M0
0192S0
0194R0
0194T0
019550
019570
0195R0
019680
019770
0197X0
0198A0
0203D0
021080
022220
023000
023150
023160
023350
023410
023440
023450
023530
023590
023600
023760
023770
023790
023800
024120
024830
024900
025900
025980
026150
026940
026960
027040
028100
02826K
029480
030350
030520
030610
031210
032080
032190
032280
032300
032350
032500
032540
032560
032580
032620
032640
032680
032685
032750
032980
033130
033200
033290
033320
033530
033560
034730
034810
035150
035420
035610
035900
036000
036200
036690
036810
036930
037030
037070
037330
037440
038010
038060
038290
038390
038540
039030
039610
039740
039830
039840
039860
039980
040160
040300
040350
040420
040610
040910
041020
041190
041460
041510
041650
041830
041910
041920
042500
042520
043200
043360
043610
044180
044480
044490
044780
044820
044960
044990
045060
045100
045300
045340
045390
045510
045520
045660
045970
046070
046120
046210
046310
046390
046440
046890
046940
046970
047040
047770
047920
049080
049180
049430
049470
049480
049520
049550
049630
049720
049800
049830
049950
050110
051360
051370
051490
051500
051600
051780
051900
051905
051910
051915
051980
052020
053300
053580
054050
054210
056190
057050
057540
058820
058860
058970
059090
059120
059210
059270
060230
060240
060570
060900
061970
064480
064800
064850
065570
065690
066310
066575
066980
067000
067010
067170
067280
067290
067310
067370
067390
067570
067630
067730
067770
067830
067920
067990
068100
068240
068290
069080
069540
072870
073010
079550
079960
084680
089470
089590
090350
093240
094170
095190
095660
096760
100790
101390
102120
104480
106520
107640
113810
122640
123320
125020
125490
133690
147830
148070
153490
155660
169950
174360
182360
183490
199800
214390
214450
215620
222160
225030
226400
227100
230360
236810
239340
251970
256840
263700
263720
270810
277630
278530
278650
279530
282000
285490
287840
288180
288330
288620
288980
289010
289040
289080
289220
289250
289260
289480
289670
289930
290080
290090
290120
290130
290270
290520
290550
290560
290650
290660
290670
290690
290720
290740
291130
291230
291620
291630
291650
291680
291810
291890
292050
292150
292160
292190
292500
292560
292770
293180
293480
293490
293580
293780
293940
294090
294140
294400
294570
294630
294870
295000
295020
295040
295310
296640
297090
297570
297890
298000
298020
298040
298050
298060
298340
298380
298540
298690
298770
298830
299030
299170
299660
299900
300080
300120
300610
300640
300720
300950
301300
301400
302190
302430
302440
302450
302550
303030
303360
303530
303810
304100
304360
304660
304670
304760
304770
304780
304840
304940
305050
305080
305090
305540
305720
306040
306200
306520
306530
306620
306950
307180
307280
307510
307520
307750
307870
307930
307950
308080
308100
308170
308430
308620
309230
309710
309930
309960
310080
310200
310210
310870
310960
310970
311320
311390
311690
313760
314130
314140
314250
314700
314930
315270
315640
315930
315960
316140
316300
316670
317120
317240
317330
317400
317450
317530
317690
317770
317830
317850
317870
318000
318010
318020
318060
318160
318410
319400
319640
319660
320000
321260
321370
321410
321550
321820
322000
322180
322310
322400
322410
322510
322780
323280
323350
323410
323990
325010
325020
326030
326230
326240
327260
328130
328370
328380
329180
329200
329650
329660
329670
329750
330350
330590
330730
330860
331380
331520
331740
331920
332290
332370
332500
332570
332610
332620
332930
332940
333050
333430
333620
334690
334700
334890
334970
335810
335870
336060
336160
336260
33626K
33626L
336370
33637K
33637L
336570
336680
337120
337140
337150
337160
337930
338100
338220
338840
339770
339950
340360
340440
340450
340570
340810
340930
341850
342870
344820
344860
347000
347700
347740
347770
347850
347860
347890
348030
348080
348150
348210
348340
348350
348370
348950
350520
351320
351330
351870
352090
352480
352540
352560
352700
352770
352820
352910
352940
353190
353200
35320K
353590
353810
354200
354240
354320
354350
354500
355150
355390
355690
356540
356680
356860
356890
357120
357230
357250
357430
357550
357580
357780
357870
357880
358570
359090
359210
360070
360140
360150
360200
360350
360750
361390
361570
361580
361610
361670
362320
362990
363250
363260
363280
36328K
363510
363570
363580
364690
364950
364960
364970
364980
364990
365000
365040
365270
365330
365340
365550
365590
365780
365900
366030
367000
367380
367740
367760
367770
368190
368590
368600
368680
368770
368970
369370
370090
371150
371160
371450
371460
371470
371870
371950
372170
372320
372330
372800
372910
373110
373160
373170
373200
373220
373490
373790
375270
375500
37550K
37550L
375760
375770
376180
376270
376290
376300
376410
376900
376930
376980
377030
377190
377220
377300
377330
377450
377460
377480
377740
377990
378340
378800
378850
379780
379790
379800
379810
380340
380540
380550
381170
381180
381560
381570
381620
381970
382150
382480
382800
382840
382900
383220
383310
383800
38380K
383930
384470
385510
385520
385540
385550
385560
385590
385600
385710
385720
387270
387280
387570
388050
388210
388280
388420
388610
388720
388790
388870
389020
389030
389140
389260
389470
389500
389650
389680
390390
390400
391600
391670
391710
393210
393890
393970
394280
394420
394660
394670
394800
395150
395160
395170
395270
395280
395290
395400
395750
395760
396270
396300
396470
396500
396510
396520
396690
397030
397420
397810
398120
399110
399580
399720
400570
400580
400590
400760
400970
401170
401470
401590
402030
402340
402460
402490
402970
403490
403550
403790
403850
403870
404120
404260
404540
404650
404990
405000
405100
405920
406820
407300
407310
407400
407820
407830
408470
408900
408920
409810
409820
410870
411060
411080
411420
411540
411860
412350
412540
412560
412570
412770
413220
413390
413630
413640
413930
414270
414780
415340
415380
415640
415760
415920
416090
416180
417010
417180
417200
417310
417450
417500
417630
417790
417840
417860
417970
418250
418420
418470
418550
418620
418660
418670
419050
419080
419120
419420
419430
419530
419540
419650
419890
420570
420770
421320
422420
423160
423170
423920
424460
424760
424870
424960
424980
425040
425420
426020
426030
426150
427120
428510
428560
429000
429010
429270
429740
429760
429980
430500
430690
431190
432320
432430
432470
432600
432720
432840
432980
433220
433250
433330
433500
433880
433970
433980
434060
434480
434730
434960
435040
435420
435530
435540
435550
435570
436140
437070
437080
437350
437370
437730
438080
438100
438320
438330
438560
438570
438700
438740
438900
439090
439260
439580
439860
439870
439960
440110
440290
440320
440340
440640
440650
440910
441270
441540
441640
441680
441800
442090
442260
442320
442550
442560
442570
442580
443060
443250
443670
444200
444490
444530
445090
445150
445180
445290
445680
445690
445910
446070
446540
446690
446700
446720
446770
446840
447430
447620
447660
447770
448100
448280
448290
448300
448330
448490
448540
448570
448630
448710
448730
448900
449170
449180
449190
449450
449580
449680
449690
449770
449780
450080
450180
450190
450330
450520
450910
450950
451000
451060
451150
451220
451250
451530
451540
451600
451670
451760
451800
452160
452190
452200
452250
452260
45226K
452280
452300
452360
452400
452430
452450
453010
453060
453080
453330
453340
453450
453630
453640
453650
453660
453810
453820
453850
453860
453870
453950
454180
454320
454780
454910
455030
455180
455660
455850
455860
455890
455900
455960
456010
456040
456070
456160
456200
456250
456600
456610
456680
456880
457190
457370
457480
457550
457600
457690
457700
457930
457990
458030
458210
458250
458260
458350
458650
458730
458750
458760
458870
459100
459510
459550
459560
459580
459750
459790
460270
460470
460660
460850
460860
460870
460930
460940
460960
461030
461300
461340
461450
461460
461490
461500
461580
461600
461900
461910
461950
462010
462310
462330
462340
462350
462510
462520
462860
462870
462900
462980
463020
463050
463250
463290
463300
463480
463640
463680
463690
464080
464240
464280
464310
464470
464490
464500
464580
464600
464610
464920
464930
465320
465330
465350
465480
465580
465610
465620
465660
465670
465770
465780
466100
466410
466690
466810
466920
466930
466940
466950
467930
468370
468380
468530
468630
468760
469050
469060
469070
469150
469160
469170
469480
469530
469610
469750
469790
469830
469880
469900
470310
471040
471050
471230
471460
471760
471780
471820
471990
472150
472160
472170
472220
472230
472720
472830
472840
472850
472870
472920
473000
473050
473290
473330
473440
473460
473490
473590
473640
473950
473980
474170
474220
474390
474490
474590
474610
474650
474660
474800
474920
474930
475040
475050
475070
475080
475150
475230
475240
475250
475260
475270
475280
475300
475310
475350
475380
475400
475430
475460
475560
475580
475630
475660
475720
475830
475960
476000
476030
476040
476060
476070
476080
476260
476310
476450
476550
476690
476750
476760
476800
476830
476850
477050
477080
477340
477380
477470
477490
477730
477760
477850
478110
478150
478340
478390
478440
478560
479080
479520
479620
479730
479850
479880
479960
480020
480030
480040
480260
480310
480370
480460
481050
481060
481070
481180
481190
481340
481430
481850
481890
482030
482520
482630
482680
482690
482730
483020
483030
483280
483290
483320
483330
483340
483420
483570
483650
484120
484130
484590
484790
484810
484870
484880
484890
485540
485690
485810
486240
486290
486450
486630
486830
486990
487130
487230
487240
487340
487360
487570
487580
487720
487750
487830
487910
487920
487950
488060
488080
488200
488210
488280
488290
488480
488500
488720
488770
488900
488980
489000
489010
489030
489210
489250
489290
489460
489480
489500
489730
489790
489860
490090
490330
490470
490480
490490
490590
490600
491000
491010
491090
491220
491230
491510
491610
491620
491630
491700
491820
491830
492220
492500
493280
493330
493420
493790
493810
494120
494180
494210
494220
494300
494310
494330
494340
494410
494420
494670
494840
494890
495040
495050
495060
495230
495330
495550
495750
495850
495940
496020
496070
496080
496090
496120
496130
496770
497510
497520
497570
497780
497880
498050
498180
498270
498390
498400
498410
498610
498860
499150
499660
499790
500020
500023
500024
500028
500029
500030
500035
500036
500037
500038
500040
500041
500050
500051
500061
500063
500067
500068
500069
500070
500071
500072
500085
500086
500091
500093
500094
500095
500096
500097
500098
500099
500100
500101
500102
510027
510043
510044
510045
520037
520038
520039
520040
520046
520047
520054
520055
520056
520057
520064
520065
520066
520068
520069
520072
520073
520074
520075
520076
520077
520078
520079
520080
520081
520082
520083
520084
520085
520086
520087
520088
520089
520090
520091
520092
520093
520094
520097
520098
520099
520100
520101
520102
530031
530036
530055
530056
530060
530061
530062
530063
530064
530067
530083
530084
530089
530090
530092
530094
530095
530096
530104
530105
530106
530107
530112
530113
530114
530115
530116
530117
530118
530119
530120
530121
530122
530123
530124
530125
530126
530127
530128
530129
530130
530131
530132
530133
530134
530135
530136
530137
530138
530139
530140
530141
530142
530143
530145
550041
550062
550063
550064
550069
550070
550082
550084
550085
550087
550088
550089
550091
550092
550093
550095
550096
550097
550098
550099
550100
570019
570022
570023
570029
570047
570050
570051
570059
570060
570061
570063
570064
570065
570066
570069
570070
570071
570072
570073
570074
570081
570082
570085
570090
570091
570092
570094
570095
570096
570097
570098
570099
570100
570101
570102
570103
570104
570105
570106
570107
570108
570109
570110
570111
570114
570115
570116
570117
570118
570119
570120
570121
570122
570123
570124
580010
580022
580023
580026
580032
580033
580034
580035
580039
580040
580043
580044
580047
580048
580049
580050
580051
580052
580053
580054
580056
580057
580058
580059
580060
580061
580062
580063
580064
580065
580066
580067
580068
580069
580070
580071
580072
580073
580074
580075
580076
580077
580078
580079
580080
580081
580082
580083
580084
580085
580086
580087
580088
610001
610003
610007
610008
610009
610012
610013
610018
610020
610022
610023
610024
610025
610028
610029
610030
610034
610035
610036
610037
610038
610039
610040
610045
610047
610049
610051
610055
610056
610057
610058
610059
610060
610061
610062
610063
610064
610066
610068
610069
610070
610071
610072
610073
610074
610075
610076
610077
610078
610079
610080
610081
610082
610083
610084
610085
610086
610087
610088
610089
610090
610091
610092
610093
610094
610095
610096
610097
610098
610099
610100
610101
700011
700012
700013
700014
700017
700018
700022
700023
700026
700027
700028
700029
700030
700031
700032
700033
700034
700035
700036
760004
760005
760006
760007
760008
760009
760010
760011
760012
760013
760014
760015
760016
760017
760018
760019
760020
760021
760022
760023
760024
760025
760026
760027
760028
900070
900100
900110
900120
900140
900250
900260
900270
900290
900300
900310
900340
950130
950140
950160
950170
950190
950200
950210
950220
950250
